1460 1486 1
1450 1486 1
1456 1486 1
1486 1460 1
1486 1450 1
1486 1456 1
1264 1452 1
302 1452 1
1382 1452 1
1382 1486 1
1474 1486 1
345 1452 1
345 1456 1
345 1486 1
340 1452 1
340 1486 1
352 1486 1
1452 1264 1
1452 302 1
1452 1382 1
1452 345 1
1452 340 1
1452 1353 1
1452 1486 1
1452 351 1
1456 345 1
1197 1486 1
1353 1452 1
347 1486 1
1486 1382 1
1486 1474 1
1486 345 1
1486 340 1
1486 352 1
1486 1452 1
1486 1197 1
1486 347 1
351 1452 1
1262 1386 1
1324 1278 1
1324 1268 1
580 1330 1
580 1435 1
1344 1386 1
1403 1335 1
1403 1354 1
1321 1399 1
1280 1399 1
1280 1335 1
1280 1354 1
1538 1335 1
1264 1399 1
1264 1335 1
1264 1354 1
1264 1418 1
1264 1435 1
302 1335 1
302 1418 1
1278 1324 1
1278 1386 1
1330 580 1
1330 1335 1
1330 1354 1
1412 1335 1
1412 1354 1
1412 1386 1
1322 1418 1
345 1418 1
1563 1335 1
1323 1399 1
1323 1418 1
687 1335 1
1416 1386 1
1276 1386 1
1399 1321 1
1399 1280 1
1399 1264 1
1399 1323 1
1399 1335 1
1399 1359 1
1399 1418 1
1399 1435 1
1399 1273 1
1409 1386 1
1335 1403 1
1335 1280 1
1335 1538 1
1335 1264 1
1335 302 1
1335 1330 1
1335 1412 1
1335 1563 1
1335 687 1
1335 1399 1
1335 1359 1
1335 1353 1
1335 1524 1
1335 1418 1
1335 1268 1
1335 1415 1
1335 1435 1
1359 1399 1
1359 1335 1
1359 1418 1
1359 1435 1
1353 1335 1
1353 1435 1
1353 1273 1
1524 1335 1
1524 1418 1
1354 1403 1
1354 1280 1
1354 1264 1
1354 1330 1
1354 1412 1
1354 1415 1
1354 1273 1
1418 1264 1
1418 302 1
1418 1322 1
1418 345 1
1418 1323 1
1418 1399 1
1418 1335 1
1418 1359 1
1418 1524 1
1418 1435 1
1418 1273 1
1386 1262 1
1386 1344 1
1386 1278 1
1386 1412 1
1386 1416 1
1386 1276 1
1386 1409 1
1386 1356 1
1386 1417 1
1356 1386 1
1268 1324 1
1268 1335 1
1415 1335 1
1415 1354 1
1415 1273 1
1435 580 1
1435 1264 1
1435 1399 1
1435 1335 1
1435 1359 1
1435 1353 1
1435 1418 1
1273 1399 1
1273 1353 1
1273 1354 1
1273 1418 1
1273 1415 1
1417 1386 1
1218 345 1
1218 351 1
1423 1509 1
1423 1452 1
1423 1056 1
1489 351 1
1460 344 1
1460 345 1
1460 341 1
1460 340 1
1460 342 1
1460 351 1
344 1055 1
344 1230 1
344 1460 1
344 1322 1
344 1051 1
344 1458 1
344 1231 1
344 1520 1
344 1056 1
344 351 1
1322 344 1
1322 345 1
1509 1423 1
1509 345 1
1509 340 1
1509 351 1
345 608 1
679 421 1
580 1197 1
1382 1197 1
340 1197 1
1452 1197 1
1197 580 1
1197 1382 1
1197 340 1
1197 1452 1
1538 599 1
1264 599 1
1191 599 1
302 599 1
302 596 1
1489 599 1
1382 599 1
1382 596 1
1460 599 1
1509 599 1
1200 599 1
599 1055 1
599 1230 1
599 1212 1
599 580 1
599 1218 1
599 1216 1
599 1538 1
599 1264 1
599 1191 1
599 302 1
599 1489 1
599 1382 1
599 1460 1
599 1509 1
599 1200 1
599 345 1
599 340 1
599 1051 1
599 352 1
599 342 1
599 601 1
599 1529 1
599 1335 1
599 1229 1
599 1353 1
599 1524 1
599 1561 1
599 1354 1
599 1356 1
599 1203 1
599 1056 1
599 1273 1
599 1550 1
599 679 1
345 599 1
340 599 1
596 1354 1
1356 599 1
1203 599 1
1056 599 1
1273 599 1
1538 1512 1
1538 1253 1
1538 1056 1
1538 680 1
1264 1538 1
1264 1353 1
1264 1253 1
1253 1055 1
1253 1218 1
1253 1538 1
1253 1264 1
1253 1367 1
1253 599 1
1253 1353 1
1253 1512 1
1253 1562 1
1253 1251 1
1253 1056 1
676 599 1
1057 1218 1
1057 1229 1
1056 1218 1
1056 608 1
1056 1538 1
1056 353 1
1056 1367 1
1056 344 1
1056 599 1
1056 355 1
1056 1229 1
1056 582 1
1056 600 1
1056 596 1
1056 1562 1
1056 1251 1
1056 1253 1
415 353 1
415 1222 1
458 1230 1
458 1212 1
458 353 1
458 1489 1
458 1222 1
458 355 1
1545 1517 1
1545 1367 1
1539 1230 1
1539 1517 1
1539 1218 1
1539 608 1
1539 353 1
1539 302 1
1539 1489 1
1539 1367 1
1539 1474 1
1539 1509 1
1539 599 1
1539 355 1
1539 699 1
1539 1512 1
1376 599 1
1376 1353 1
733 1230 1
733 1212 1
711 1212 1
680 1230 1
680 1212 1
680 1538 1
680 1474 1
680 599 1
680 1222 1
680 596 1
1209 608 1
1209 1367 1
1209 599 1
1209 691 1
1209 355 1
1460 1470 1
1455 1470 1
1452 1458 1
1454 1488 1
1465 1486 1
1470 1460 1
1470 1455 1
1486 1465 1
1486 1482 1
1482 1486 1
1488 1455 1
1488 1454 1
1512 1218 1
1512 1563 1
1562 1218 1
580 668 1
580 669 1
302 668 1
302 680 1
1367 675 1
1382 680 1
1200 679 1
668 580 1
668 302 1
668 421 1
668 669 1
668 680 1
421 668 1
669 580 1
669 668 1
675 1367 1
1206 679 1
679 1200 1
679 1206 1
679 1209 1
680 302 1
680 1382 1
680 668 1
1209 679 1
340 1229 1
1229 340 1
1055 1051 1
1055 629 1
1230 1278 1
1230 629 1
1324 629 1
1277 1323 1
1218 629 1
1321 629 1
1382 629 1
1460 629 1
1322 629 1
1200 629 1
599 629 1
345 629 1
340 629 1
1323 1277 1
1323 629 1
1051 629 1
342 349 1
1452 629 1
1458 629 1
629 1055 1
629 1230 1
629 1324 1
629 1218 1
629 1321 1
629 1382 1
629 1460 1
629 1322 1
629 1509 1
629 1200 1
629 599 1
629 345 1
629 340 1
629 1323 1
629 1051 1
629 1452 1
629 1458 1
629 1229 1
629 1524 1
629 1561 1
629 1354 1
629 349 1
629 1056 1
629 351 1
629 1196 1
1229 629 1
1524 629 1
1561 629 1
1354 629 1
349 342 1
349 629 1
349 351 1
1056 629 1
351 629 1
351 349 1
1196 629 1
1230 345 1
1230 340 1
580 340 1
1218 340 1
1218 351 1
1321 340 1
608 340 1
1538 340 1
353 340 1
302 340 1
302 352 1
302 342 1
302 1529 1
302 1524 1
302 351 1
1423 340 1
1423 342 1
1489 345 1
1489 340 1
1382 345 1
1382 340 1
1382 351 1
1200 345 1
1200 340 1
338 340 1
599 340 1
345 1230 1
345 1489 1
345 1382 1
345 1200 1
345 340 1
345 687 1
345 342 1
345 1561 1
345 1354 1
345 1486 1
345 1206 1
345 351 1
345 679 1
1563 340 1
341 340 1
340 1230 1
340 580 1
340 1218 1
340 1321 1
340 1216 1
340 608 1
340 1538 1
340 353 1
340 302 1
340 1423 1
340 1489 1
340 1382 1
340 1200 1
340 338 1
340 599 1
340 345 1
340 1563 1
340 341 1
340 668 1
340 687 1
340 410 1
340 352 1
340 342 1
340 421 1
340 1452 1
340 669 1
340 671 1
340 1197 1
340 1529 1
340 1569 1
340 1335 1
340 1229 1
340 1359 1
340 1353 1
340 1524 1
340 1561 1
340 1354 1
340 347 1
340 1520 1
340 1512 1
340 1203 1
340 675 1
340 1486 1
340 1194 1
340 1206 1
340 415 1
340 1273 1
340 351 1
340 1550 1
340 679 1
340 680 1
340 1209 1
340 1208 1
668 340 1
687 345 1
687 340 1
410 340 1
352 302 1
352 340 1
342 302 1
342 1423 1
342 345 1
342 340 1
342 349 1
342 679 1
421 340 1
1452 340 1
669 340 1
671 340 1
1197 340 1
340 1423 1
342 1423 1
1529 302 1
340 1229 1
1229 340 1
